

x <- 23456789

y <- 5372627


y + x <- something 

#This is a test if how to use git hub