

x <- 23456789

y <- 5372627


#This is a test if how to use git hub